109980123	ode.n.01	None
